400 0.0 0.0 30 1.0
402 0.0 0.0 30 1.0
409 0.0 0.0 30 1.0
411 0.0 0.0 30 1.0
415 0.0 0.0 30 1.0
424 0.0 0.0 30 1.0
426 0.0 0.0 30 1.0
434 0.0 0.0 30 1.0
451 0.0 0.0 30 1.0
466 0.0 0.0 30 1.0
475 0.0 0.0 30 1.0
477 0.0 0.0 30 1.0
491 0.0 0.0 30 1.0
496 0.0 0.0 30 1.0
507 0.0 0.0 30 1.0
516 0.0 0.0 30 1.0
535 0.0 0.0 30 1.0
536 0.0 0.0 30 1.0
541 0.0 0.0 30 1.0
542 0.0 0.0 30 1.0
546 0.0 0.0 30 1.0
558 0.0 0.0 30 1.0
559 0.0 0.0 30 1.0
560 0.0 0.0 30 1.0
561 0.0 0.0 30 1.0
562 0.0 0.0 30 1.0
565 0.0 0.0 30 1.0
566 0.0 0.0 30 1.0
567 0.0 0.0 30 1.0
568 0.0 0.0 30 1.0
579 0.0 0.0 30 1.0
580 0.0 0.0 30 1.0
585 0.0 0.0 30 1.0
603 0.0 0.0 30 1.0
463 0.0 0.0 30 1.0
468 0.0 0.0 30 1.0
521 0.0 0.0 30 1.0
522 0.0 0.0 30 1.0