400 0.0 0.0 30 1.0
402 0.0 0.0 30 1.0
409 0.0 0.0 30 1.0
411 0.0 0.0 30 1.0
415 0.0 0.0 30 1.0
424 0.0 0.0 30 1.0
426 0.0 0.0 30 1.0
434 0.0 0.0 30 1.0
444 0.0 0.0 30 1.0
451 0.0 0.0 30 1.0
466 0.0 0.0 30 1.0
475 0.0 0.0 30 1.0
477 0.0 0.0 30 1.0
492 0.0 0.0 30 1.0
494 0.0 0.0 30 1.0
496 0.0 0.0 30 1.0
502 0.0 0.0 30 1.0
503 0.0 0.0 30 1.0
507 0.0 0.0 30 1.0
516 0.0 0.0 30 1.0
535 0.0 0.0 30 1.0
536 0.0 0.0 30 1.0
541 0.0 0.0 30 1.0
542 0.0 0.0 30 1.0
550 0.0 0.0 30 1.0
556 0.0 0.0 30 1.0
557 0.0 0.0 30 1.0
558 0.0 0.0 30 1.0
559 0.0 0.0 30 1.0
560 0.0 0.0 30 1.0
561 0.0 0.0 30 1.0
562 0.0 0.0 30 1.0
565 0.0 0.0 30 1.0
566 0.0 0.0 30 1.0
567 0.0 0.0 30 1.0
568 0.0 0.0 30 1.0
579 0.0 0.0 30 1.0
580 0.0 0.0 30 1.0
585 0.0 0.0 30 1.0
603 0.0 0.0 30 1.0
463 0.0 0.0 30 1.0
468 0.0 0.0 30 1.0
521 0.0 0.0 30 1.0
522 0.0 0.0 30 1.0
481 0.0 0.0 30 1.0
509 0.0 0.0 30 1.0
510 0.0 0.0 30 1.0
531 0.0 0.0 30 1.0